[3793, 10349.14, 4668.69]
[9699, 26633.46, 12090.18]
[6088, 16766.06, 7638.85]
[4965, 13633.39, 6190.93]
[9013, 24808.49, 11304.04]
[2520, 6935.76, 3159.26]
[9968, 27306.42, 12363.21]
[6972, 19256.03, 8811.89]
[1332, 3750.97, 1756.99]
[3487, 9629.73, 4403.83]
[4579, 12529.69, 5668.47]
[8786, 24163.10, 10992.17]
[6237, 17220.64, 7871.16]
[8753, 24121.37, 10997.27]
[2262, 6100.34, 2716.27]
[4873, 13340.55, 6035.40]
[1023, 2800.97, 1271.15]
[9839, 27009.44, 12258.61]
[3270, 8906.87, 4005.55]
[3409, 9308.62, 4203.33]
[1672, 4625.11, 2124.94]
[4589, 12616.05, 5736.85]
[5718, 15655.20, 7082.32]
[5148, 14113.12, 6398.71]
[6666, 18227.89, 8232.50]
[1991, 5491.61, 2508.68]
[5184, 14157.82, 6393.64]
[4404, 12115.46, 5516.00]
[3268, 9030.11, 4133.08]
[4079, 11176.00, 5063.57]
[5677, 15597.03, 7086.83]
[6406, 17644.31, 8040.33]
[1752, 4740.99, 2122.31]
[5993, 16480.50, 7495.04]
[40, 101.13, 52.38]
[5821, 16051.81, 7324.69]
[8311, 23016.62, 10556.89]
[879, 2441.09, 1129.78]
[4503, 12409.39, 5661.69]
[4509, 12323.60, 5567.03]
[7916, 21724.72, 9858.07]
[9768, 26879.33, 12241.01]
[9054, 24888.57, 11318.70]
[2668, 7336.46, 3339.95]
[4273, 11787.64, 5383.34]
[7843, 21507.72, 9748.97]
[2576, 7042.01, 3181.73]
[6454, 17666.35, 7989.07]
[5217, 14269.10, 6451.85]
[7547, 20767.84, 9452.77]
[9309, 25480.07, 11521.57]
[6899, 18898.43, 8555.76]
[8365, 22985.10, 10441.54]
[5910, 16196.90, 7336.66]
[1045, 2902.62, 1339.06]
[9474, 25962.45, 11768.68]
[3646, 9999.90, 4534.76]
[8132, 22356.82, 10163.12]
[7734, 21306.08, 9717.17]
[991, 2734.34, 1254.20]
